6498498
911
113
112
110
46464646
6484846631590512
22804785
14312786
95426412
15786280
42535385
05925882
03838278
00553858
94905512
42626216
12762261
15433290
17774355
82108681
12251101
01392843
44222308
94444080
51744308
01455722
64285098
91475266
53994740
47486355
05989390
26912319
42223449
76898147
94242191
00937884
71132779
57245347
02527477
70868495
19423454
66578961
91205648
59016763
75179118
63661019
70518098
55610135
76370818
79833718
55596928
34164971
76538709
93244994
21831389
01643512
81877865
84828479
96089027
38952111
06602683
31511692
51715485
00239584
77615490
54453248
12978226
19794517
84114067
80599791
55010893
06989946
96339572
27494617
09138603
67134427
15555573
91092057
55481197
53895436
73083303
55341969
26198753
11511326
50792564
78263588
52735367
28931392
31884344
44958583
15435053
32705514
27927947
72000569
53168000
34837988
32695595
41974695
38314320
37578152
47794189
51893779
67053228
74688848
30520745
17872742
27413456
29217675
58805880
49200655
92979921
00367871
88186645
69256845
66464378
94017205
22273823
07802749
00393717
12290406
10451401
85861742
34221617
70908621
43389567
90075173
83719104
00271554
09172115
